________________________________________________________________________________
Syringe
________________________________________________________________________________
Barrel: 16.4, -1.6, 24.43883; 8.393671, 282.3121, 40.97929;
Needle: -10.9, -9.4, 19.5; 0.3960594, 168.165, 350.3291;
Plunger: -15.9, 2.1, 27.8; 343.6174, 179.3759, 355.1124;
________________________________________________________________________________
Bicycle
________________________________________________________________________________
Back Wheel: 12.93692, -5.066057, 25.00442; 336, 50, 0;
Front Wheel: -14.96834, -5.386807, 25.02775; 0, 304, 0;
Pedals: -0.5345836, -6.776725, 27.67292; 0, 0, 0;
Frame: -1.1, 9.1, 25.00441; 7.999999, 22.99999, 21.99999;
Handlebar: 13.36459, 12.46828, 25.21384; 271.0002, 249.9998, 180.0001;
Saddle: 17.10667, 4.556448, 25.00444; 342, 2.999997, 43;
Fork: -16.57209, 7.657032, 25.04729; 72.99997, 165, 357;
________________________________________________________________________________
Truck
________________________________________________________________________________
Bumper: -11, -7.4, 18.72507; 0, 233.1121, 0;
Gruz: 4.006881, 8.191672, 29.00688; 5.265003, 220.1303, 4.823983;
Cab: -17.4, 8.5, 32.25774; 10.50154, 216.1194, 7.873673;
truckRama: 3.6, -11.3, 25.0378; 0, 264, 0;
wheel01: -21.4, -1.3, 32.63575; 0, 255.6191, 0;
wheel02: -16.9, -5.8, 20.2749; 0, 273.1725, 0;
wheel03: 24.3, 2.2, 32.63576; -8.537737E-07, 284, 16;
wheel04: 20.7, -2.5, 19.36768; 1.109906E-05, 282.5381, 11.00001;
________________________________________________________________________________
House
________________________________________________________________________________
Door: 14.81791, 1.830078, 15.47421; 4.695755E-06, 256.5, 4.000043;
HouseWalls: 0, -10.41189, 25; 0, 217, 0;
Roof: 0.07560121, 10.22304, 27.04124; 4.263283, 225.3316, 3.233774;
Chimney: -17.91757, 10.75762, 18.42266; 6.500001, 222, 9.999999;
Window01: 14.22246, -6.242134, 17.59104; 0, 215.5, 0;
Window02: 18.86302, 14.71354, 28.59108; 0, 215, 0;
Window03: -13.9953, -3.676133, 11.76969; 0, 157.5, 0;
Window04: -13.84073, 2.311203, 12.67692; 0, 340.5, 0;
________________________________________________________________________________
Thermometer
________________________________________________________________________________
Scale: 10.8, -0.1, 24.52422; 353.5913, 9.568687, 7.692633;
Liquid: 20.7, 0.2, 25.9; 344.6013, 33.70118, 13.34982;
Flask: -10.73069, 0.5270436, 25.7; 7.355597, 317.2245, 6.793334;
Tube: -19.48898, -0.3386809, 25.2; 8.560048, 304.4146, 5.189094;
________________________________________________________________________________
Machine Gun
________________________________________________________________________________
Magazine: 1, -13.5, 25; 334.7357, 273.1982, 358.6339;
Gas Tube: -4.8, 8.1, 25; 301.1841, 98.45936, 189.4864;
Bolt: 1.3, 6, 15.2; 63.09163, 270, 0;
Knife: -10.8, -12.1, 25; 59.99994, 265.3894, -2.73207E-05;
Cleaning Rod: -13.2, -8.4, 17.2; 58.03533, 300.2539, 308.9362;
Receiver Cover: 9.3, 7.5, 25; 296.434, 273.9774, 20.5725;
Bolt Carrier: 18.8, 8.3, 25; 294.6941, 286.713, 34.2245;
Return Mechanism: 20.2, -1, 25; 311.4747, 320.83, 340.2318;
Trunk: -27.8, 7.7, 38.69226; 79.79185, 243.4959, 0.1049049;
________________________________________________________________________________
Front Wheel
________________________________________________________________________________
Hub: 4.3, -3.2, 4.8; 0, 270, 60;
Disc Brake Rotor: 0.27, -5.1, 13; 0, 90, 30;
Inner Tube: -13.6, -4.3, 19.5; 30, 0, 0;
Tire: -14.7, 7, 20; 0, 90, 30;
Rim: -0.5, 7.5, 19.9; 300, 0, 90;
Spokes: 10.2, 1.6, 19.6; 300, 0, 90;
Sleeve: 4.6, 4.3, 4.5; 30, 0, 90;
________________________________________________________________________________
Tank
________________________________________________________________________________
Driving Wheel 1: -19.9, -1.8, 21.9; 346.5133, 203.7903, 91.70255;
Drive Sprocket: 21.8, -1.2, 27.4; 322.5875, 219.7924, 124.2441;
Gun: -13.2, 0.2, 23.1; 60.9184, 188.9455, 239.9904;
Turret: -0.6, 10.1, 33.6; 32.53041, 229.2504, 10.61132;
Tank Body: -4.1, -14.6, 38.8; 1.957775, 214.3884, 358.0332;
Tracks: 18.50196, -15.3, 38.7; 357.7242, 217.1546, 357.2632;
Road Wheels: 23.9, 11.3, 43.2; 332.1855, 58.62449, 166.9919;
________________________________________________________________________________

________________________________________________________________________________